01.03.2020,	86992,	979,	2979,	38,
29.02.2020,	86013,	1889,	2941,	74,
28.02.2020,	84124,	1368,	2867,	53,
27.02.2020,	82756,	1359,	2814,	44,
26.02.2020,	81397,	982,	2770,	62,
25.02.2020,	80415,	845,	2708,	79,
24.02.2020,	79570,	585,	2629,	160,
23.02.2020,	78985,	386,	2469,	11,
22.02.2020,	78599,	1322,	2458,	98,
21.02.2020,	77277,	1 078,	2360,	113,
20.02.2020,	76199,	558,	2247,	125,
19.02.2020,	75641,	503,	2122,	115,
18.02.2020,	75138,	1878,	2007,	139,
17.02.2020,	73260,	2034,	1868,	98,
16.02.2020,	71226,	2194,	1770,	104,
15.02.2020,	69032,	2145,	1666,	143,
14.02.2020,	66887,	6517,	1523,	152,
13.02.2020,	60370,	12294,	1371,	168,
12.02.2020,	48076,	3273,	1203,	90,
11.02.2020,	44803,	2040,	1113,	100,
10.02.2020,	42763,	2612,	1013,	107,
09.02.2020,	40151,	3030,	906,	100,
08.02.2020,	37121,	2729,	806,	87,
07.02.2020,	34392,	3574,	719,	85,
06.02.2020,	30818,	3182,	634,	70,
05.02.2020,	27636,	3744,	564,	72,
04.02.2020,	23892,	4011,	492,	66,
03.02.2020,	19881,	3094,	426,	64,
02.02.2020,	16787,	4749,	362,	103,
01.02.2020,	12038,	2113,	259,	46,
31.01.2020,	9925,	1690,	213,	42,
30.01.2020,	8235,	2070,	171,	38,
29.01.2020,	6165,	587,	133,	2,
28.01.2020,	5578,	2651,	131,	49,
27.01.2020,	2927,	809,	82,	26,
26.01.2020,	2118,	680,	56,	14,
25.01.2020,	1438,	497,	42,	16,
24.01.2020,	941,	287,	26,	8,
23.01.2020,	654,	99,	18,	1,
22.01.2020,	555,	115,	17,	8,
21.01.2020,	440,	149,	9,	3,
20.01.2020,	291,	93,	6,	3,
19.01.2020,	198,	77,	3,	1,
18.01.2020,	121,	56,	2,	0,
17.01.2020,	65,	18,	2,	0,
16.01.2020,	47,	0,	2,	0,
15.01.2020,	42,	0,	2,	0,
14.01.2020,	42,	0,	1,	0,
13.01.2020,	42,	0,	1,	0,
12.01.2020,	41,	0,	1,	0,
11.01.2020,	41,	0,	1,	0,				
10.01.2020,	41,	0,	0,	0,